[RSI]
n = 10
low = 0.4
high = 0.6
persistence = 2

[BBANDS]
n = 15
nbdevdn = 0.7
nbdevup = 2.0999999999999996

[MACD]
n_fast = 15
n_slow = 26
down = -1.2000000000000002
up = 1.2000000000000002
persistence = 2